66771782.297620825
66916797.629582785
67042307.78757281
67139853.8247183
134415371.1319395
134496648.08820304
134530049.4816254
134520945.98341528
67235967.59010695
67192324.06874101
67130107.49349514
67049673.62257083
66951623.77045127
44557390.97285422
33351131.387222406
33273814.454688225
26547251.713225894
26464379.5472384
32963495.382402517
32834590.21158333
32695463.727868818
32563403.89904831
32440205.703539602
25866821.724359825
25784228.17888572
25698140.14404432
25606653.308422886
31886379.581233483
42342392.235676356
42158625.837580495
41963587.65470538
41757254.59240472
41539687.95921603
41310956.79028743
41071141.11910565
40819928.78252979
60836571.18303971
60426903.71948217
60001071.39668754
119118556.84556365
118203508.76468018
117257497.1677639
116281058.43582807
115265048.10778514
114196389.4449793
113069147.5821467
111886894.37033851
110658059.28253089
109391017.77310082
108092263.99707708
106767484.22731511
105419886.62154274
104051417.96221417
102663118.51523443
101256096.83808394
99831531.92910641
98390674.83139561
32310987.208524276
31820606.37563911
31326591.04929931
30829426.283381697
22747201.20621596
22370707.600419387
12567856.782419816
12353134.83031218
12142307.954637198
11938987.787147496
11744296.653710881
11556846.19396655
11374925.266926056
11196998.323005509
11022209.387114817
9493832.378069576
9345290.378068483
10513172.35092457
12073563.649981072
10187220.549107824
11700179.52159608
13822985.656147327
11342148.33944598
11169125.892031241
10999735.35439871
9286383.8933653
7114822.23983035
7009384.336521909
6906439.6531555485
6125429.761735394
5488519.463075324
5410536.786002472
4890077.7122792825
4822308.175119249
4756270.25051945
5630377.263704269
5555257.851790721
5482188.278073065
5411085.640779632
5935519.388549899
6594034.196446421
5791799.663757827
5156013.184637142
5105793.052223668
5060893.0037484635
5019873.431525179
4151459.961186383
4496180.422392461
3778176.2109474414
3049400.3450735454
2851753.554587203
2834304.5589996357
2817638.7037962754
2506764.301352142
2493044.9651551656
2617625.314234623
2467179.6625191765
2591375.309659493
2578991.1957524405
2431957.978107044
2090915.6291675046
2180960.04331551
2280376.51653155
2390665.129905359
2381336.84848348
2253757.855775331
2363728.3181040585
2355331.387424357
2477532.856876977
2468968.0719225802
2460400.7542304685
2595990.0608466
3141065.8262921604
3129780.1255079187
2910583.4721138394
2718849.504669181
2889789.3625219255
3085442.5718145547
2869946.4127399023
2860353.13852928
3054596.1429209453
3044764.132124162
3035205.0144455144
3258698.359435759
3249008.1361921127
3509541.774610203
3499692.8391137454
3490293.323064729
4641593.702650282
4166870.111341074
3778779.4447246385
3769817.815259647
4137241.367428895
5159990.802188846
5148829.815115508
5137885.712495887
5127159.348019098
5116645.7064308785
5835812.164352548
6794957.336416229
5812893.140326037
6768688.604588953
5790762.284390279
5779978.661866537
6730860.390210849
6718571.950497478
6706722.410928092
6695339.776490797
6684451.871893364
8008806.690929497
7996851.70673451
7985505.821596803
7975066.215463874
7965514.50978186
7956830.99874377
7949003.287810253
7941916.104574518
7935573.189276062
7929989.408259563
9906488.97439627
9901897.951591576
13198339.71141863
19794225.869742956
19794068.786932662
19797178.777959697
19804319.675445557
19814766.84310274
19828608.260507934
13230447.0701971
13243530.654569777
13258250.118761728
19911441.935250916
19936768.98872326
13307918.270430474
13323001.660419801
13335929.908502026
13348262.369372234
13361917.389275419
10033319.207726436
13395764.734946147
10061686.611019425
10077606.84540781
8075454.948941462
6741074.927166109
6752940.095313057
8118249.0862278165
8133538.310762408
6791120.246659779
5832514.7684222935
5113889.844928297
4554934.231283928
4563971.311921875
4572512.087217731
4580504.007712234
4129057.30046576
3759064.303403825
4600166.939247342
4605080.584839349
4609143.04567599
4151129.109583483
4153300.2260920056
4154725.9625136303
4155259.2368790917
4616577.923768215
5192076.480965294
5189295.45136821
4609172.109969749
4604537.837940847
4139024.1715655746
4133067.9286780404
4584684.483666221
5148091.708602157
5137301.441389093
5857591.42543834
5842689.155628063
6797559.120568139
6776906.069598661
6754504.520662018
6730366.812693852
5028387.247360371
5007796.641591588
4986037.002456799
5672171.506189185
6585640.569668453
5616597.283904775
5587385.618439501
6483390.459109063
6447011.652919151
5493908.996592695
5460898.819142019
6331510.798057831
6290993.9556670105
6249540.29079008
5320437.681499266
5283362.886804956
5245748.997813335
5207621.187496752
6030601.578047858
5985208.751039103
5939412.196131736
3928824.336406327
3897799.903349436
2900005.339570004
3138168.205908513
3112756.5986770387
3087487.3733502296
3062406.258704065
3037639.792891149
2762068.1248317943
2348506.1267951634
2718102.5698206327
2696615.645799102
2293310.0960027403
2275588.1351276706
2258213.4055807292
2241167.5051221806
2595166.960085646
2575975.681421894
2789568.1372905043
2769362.939189952
2749524.9224449056
3336730.0557436887
3313389.135752837
2961474.702913113
3268156.6319019436
3246273.7846552045
3627970.8397101164
3203966.5594282057
3183452.027852529
2372474.815818786
2357625.8684241734
2556170.7254517693
2329079.9784524846
2315411.1994936746
2511447.956971039
2289336.861355782
2276949.807127751
2090738.9122358433
2080073.4122407762
1921972.7240808078
1912828.5306644577
1904055.5061078134
2041461.6022183073
2032780.062042123
1879862.3950365968
1872475.8950856219
1865410.8872045858
1858654.8984006955
1994671.1631561408
1988018.0646831887
1981653.7776299599
1975562.007803745
1969725.7765932558
1964128.086240401
2121982.2889480083
2308783.195333406
2302908.3399153515
2297253.5852958234
2520990.86281942
3144038.334374751
3137126.5264755627
3130599.0204231255
3570815.5419472647
3564261.10179072
3558048.2555845925
3552179.603241543
4137763.316381127
6197569.895936271
6188857.651112435
4944390.6173172165
4114959.907423863
4109799.4249671227
4104861.7526955605
4100178.018588325
4914920.66147947
4909948.226159786
4087722.347071992
6126054.763725733
6120825.934809216
6115918.550252148
6111425.992398836
6107241.007584939
4068922.7560584024
3485609.9477083953
4877187.43479572
3481909.526127381
3480322.7447390095
3043971.5849701846
2704748.0752435713
2433531.775318207
2433065.7785387626
2703228.907922713
2703408.0739455465
2703937.6451100674
3042895.673187372
3044303.6244179886
2707663.0008125845
2709612.750617676
2711873.539814478
2442988.8497105367
2445553.8378327414
2720419.747114483
2451455.9977168506
2231620.868336307
2234870.0175082516
2238355.8732256587
2740339.790105762
2246102.3036530316
2062842.4117349957
2066996.0809177586
2071385.464939056
2076011.140877963
1920810.358090151
1787998.2663456204
1792628.691048891
1677692.447854717
1682531.0660030777
1687638.2330455238
1813934.3708576788
1698566.4200834446
1503735.1354552212
1603112.6869836212
1608573.191561449
1614086.6364858772
1619640.8106577545
1733572.7754504017
1863803.115785903
2181844.5165448952
2189178.517109052
2396105.2806262667
2644308.7232185933
2652784.606910424
2956818.5877530696
3336699.8623607974
3346907.5137112844
3357037.8814550024
3367085.345527964
3377044.322737944
3386909.0226371456
3396673.386225824
3892949.9698527562
3415876.32417491
3425183.9674297376
3052571.2236373154
3442766.2153534056
3067707.890278181
2767492.8412544033
3082090.1233787863
3089001.046431899
3482689.8888077745
3988764.3823160683
3997212.7149930457
4005667.64972018
4014116.1430401863
4022542.03502341
3527062.1248944127
4039258.948261415
4722110.354111033
4731663.1217337195
4741117.248299646
4071826.579132669
3173132.158095633
4087443.5591527815
4094934.3085977775
4785921.577346616
4794187.902197049
4116199.5792613747
4122919.2899482963
4817740.300964911
4825133.218346982
4832148.93016653
4838797.685479942
4152916.5607686876
4157949.8102298346
4162618.939756283
4166904.473431353
4170790.8806506856
4174266.724237582
4177324.3205687827
3657465.1213520328
3659507.6310913875
4184328.705919693
4883746.842699504
4187521.7408677633
4188695.47509006
4189587.6368564866
4190118.8305551135
4190157.7040958637
4189564.2006964767
4188234.3988682157
4883816.341200117
4880615.3504562145
4180038.226025358
4871590.1278926125
4864094.012972105
4853374.744226826
4839329.0126680555
5787141.081763937
4803981.337621677
5740865.3427778
5715901.90851829
5690157.306187423
4719811.508475875
4697385.295042606
4006827.3413704215
4651690.458203499
3471547.2543025753
3454396.372250243
3437233.789693272
3419785.883285354
3887354.9278901056
3381276.479583021
2985639.7429653583
2667565.6617965675
2647020.730493019
2387225.8763593566
2170608.731760548
2152986.779577115
2329599.459362095
2117908.077399786
2100057.2326375353
2270848.5213982495
2062553.1610340837
1885882.7757992265
1517469.262050125
1502617.654181856
1400271.2989313349
1472976.7426435838
1372393.3812984952
1358436.730984844
1344402.3462225036
1330199.770948245
1315701.2227797138
1382183.633027058
1457261.0185146288
1542925.8040886563
1524487.510382807
1506125.6854922161
1487956.0190482934
1286322.5052159284
1270967.9145914183
1116307.8755522284
1044945.3012882506
1089771.1238525938
1019944.3106114325
1063540.56292691
900519.4002535556
849172.3774492872
738304.5624495725
701513.4018595099
693390.2204273151
660191.0061793166
629647.3444507212
646036.4494817449
595288.6665556319
589306.9589163341
583477.4285457572
598348.5801809189
614311.8613459951
608054.2115546794
624862.6805284813
618208.7848806677
588851.9409122134
561575.4405245954
518336.73160835786
466018.3815163597
460951.13594317826
456051.29170957935
451322.5299764899
446757.5632807208
429351.779820423
390778.6489189741
376988.08717629017
364055.6689281385
370449.0363107878
358026.10503937583
337968.3697172749
335567.94393816637
317873.9455817612
315961.2752489693
300213.79849636677
292114.8886726122
272855.7841292835
266181.5537546508
259936.05606196658
249334.38834793557
244138.3883859913
239308.26175644627
230671.2772308024
230527.5571546332
230442.25814958414
230387.3206312013
226372.27024561775
211725.5895667617
211673.73914455526
208249.86967900803
204919.09888495176
195657.16894818755
192683.3781267905
181878.99827315612
172205.7969432449
172101.46638858868
169843.13743921465
169905.41291590815
165756.75006294914
163917.6059420632
166296.63410148383
164567.3263257349
164948.64189662162
165347.09689037327
165752.02848450287
164104.99823363536
164500.1511479445
164889.85118417267
163258.94216963975
161663.29894327364
162033.3865166128
162406.8928012071
162802.74507850106
163228.189633469
161741.7485197403
162239.77755967787
160865.28023030632
161438.51217728015
162044.45741944108
164598.78091130484
165226.96401212236
165849.50100030832
166459.02970790587
167049.63015039853
165645.00647619806
166179.8042680587
164748.91741032852
165222.65469505487
165668.70901257955
166087.24647636834
166466.5735270968
166807.14824452854
165188.8671915679
165453.94732811872
165713.70212128237
165996.5947435404
166332.78130594024
166741.71239737497
167225.65141121123
167774.11286236384
168371.89846906046
167084.70474107514
167736.1376271195
168406.92893453158
169094.28196666823
169809.46567144225
168637.4911675131
171327.42263631316
172127.75683564213
172950.1638389821
173788.57288339702
174636.39374541803
175487.35763171353
176335.85184112235
177176.74447441578
177983.18117533918
178751.36996111355
179478.3970853171
180162.16579953377
180789.918957189
181360.771644076
181874.23056228095
182329.97172101078
182727.75947668232
183067.4159200137
183348.81792114335
183571.89776004545
183736.64422774475
183843.61057422386
183895.31899742794
186010.11007716323
183853.19103605946
183773.64403274233
183666.19940988184
183539.0864055206
183399.46353556195
181193.8443556614
181045.63778907564
180896.0732734315
178738.3040519656
178598.19310905517
178481.01467701982
176446.88732592622
176437.19533983857
176503.44300334595
176647.01701816331
176858.97003625016
177124.20736429415
177425.5946691656
177746.66578051265
176137.45184848545
176453.91768287265
176776.40315499395
177098.71120626974
177417.21727584593
177728.96854899332
178031.2497219989
178321.6089351951
178597.86617083134
178858.10969331404
179100.68567758077
179324.18512403776
179538.1757793311
179741.48236822657
179933.08183513337
182091.41226424408
182259.2052700021
180430.65794048886
180569.6131938172
180694.92110477883
180795.49159632387
180871.4902135828
180923.78670326198
180953.88942840407
180963.78943762652
180955.71257232016
180931.80509344587
180893.82650346617
180842.93430022264
180779.61202578124
180703.73627136293
180615.23118457806
180516.1017366887
180410.71087901125
180305.4438331115
180207.67111849497
180112.3448116055
180034.73672727132
179965.07443336467
181877.82257782554
181824.11380916543
181773.7716313393
179743.42867189765
179676.915413429
179592.85257147762
179487.82186019156
179360.92349764195
179212.0589616835
179041.22788036923
178848.52700067393
178634.14608121707
178409.10840442628
178173.84272135416
177929.69759561916
177678.8625833773
177424.12601925284
177168.50184782105
176914.76096882348
176665.9337459743
176425.77244611652
176198.28188065923
175987.2009596858
175795.34631684967
175623.9582665017
