1440923.464071461
1448856.09258216
1456920.4640185398
1465110.5731266604
1473426.221456276
1465220.855214946
1465330.8025155186
1465481.1001645462
1449387.3572982007
1465904.6071991324
1474459.3383542788
1474788.6469967682
1458672.1301779475
1459067.7771362946
1467694.9681018614
1468174.1522311405
1460496.0458870684
1452925.583691196
1445461.3189447804
1430244.0617775053
1430848.9342651248
1431480.4421336546
1447965.5189739745
1440705.7548950077
1441438.8454015367
1442183.5262504064
1442945.8119573933
1451707.5739609033
1460593.5107216546
1461441.2717263573
1462312.9368360245
1471378.4003377869
1472289.7454210937
1473226.538298682
1482456.2864119734
1500259.749848299
1501191.5983088193
1510665.9292288471
1511512.522681691
1470301.53346133
1487565.6128503464
1463614.2349986027
1464277.2318291385
1464867.4630848533
1473545.532739288
1482271.2175699545
1499482.3548700588
1517057.5084449353
1526192.533366483
1526587.8174627854
1535791.4754471313
1545086.49225026
1536506.3391675018
1545782.1390186509
1555158.334070945
1564638.597770592
1564966.4330844295
1565294.4622206052
1574886.3858813762
1584579.973672018
1575485.1177717338
1585080.8475514043
1585209.2684689045
1594730.2025596942
1604275.1271144594
1604142.786618377
1584874.4493902288
1566044.7081470552
1556709.5547699414
1538558.2773647641
1529590.4901131964
1520755.1760882214
1520688.5414803554
1512007.9679410767
1511991.6382572176
1529379.7183610487
1520672.749536361
1512103.3346871277
1512191.1227710585
1512295.366967792
1512415.6650589842
1504006.2928519084
1504157.383956286
1504283.3967934463
1512933.9719542547
1512994.6825231584
1521661.0516108286
1521644.4029685028
1548132.4205602899
1566259.6790214693
1575410.36283382
1584642.6955539566
1575098.5865522646
1584286.0174263134
1574708.1947122046
1583862.9574136739
1574261.6213766274
1574021.570442344
1602213.5706685001
1621484.2268815665
1621204.8654881855
1611112.4161113207
1620680.3243417628
1650633.6563115274
1650405.015369453
1610212.1642894775
1610070.4229126256
1600271.897604271
1609912.5091124643
1609896.2218509167
1609921.2137455323
1609993.9608263234
1610114.1496036968
1610281.9245374976
1610498.5148581446
1630529.8271485143
1611085.338463761
1582681.513667618
1583098.1239802742
1583564.2189623143
1593563.3486109036
1584637.0827843882
1585240.1900546704
1576501.9774120413
1577185.1567355113
1559453.7749810838
1551138.2386659428
1534093.5854499629
1534922.9727326245
1518338.106131468
1510632.2818654089
1511500.4084358877
1503845.1644883123
1504640.4528689769
1496982.5508698542
1497695.794098585
1490064.3526383063
1490749.27740149
1491444.7880748033
1500499.016578476
1492912.238552703
1485444.9299958085
1494519.1348179271
1503731.6666653513
1496253.752976675
1497147.2411936615
1506426.6649873897
1498984.398038359
1499926.9801302853
1500884.7898608572
1501857.2631966935
1502843.881802852
1479191.0584999407
1480188.4150294177
1473149.3043222702
1490368.147958219
1507984.1455221372
1500718.1158704727
1501799.4768625523
1494640.9283720707
1495753.5609327967
1496887.049585765
1514686.7514860206
1515875.5344287376
1534130.4476066094
1544046.9090769917
1536633.1472251937
1537912.1024928696
1547905.5599871452
1549229.1790759407
1550572.4230667225
1534596.0049727142
1535965.3404864552
1545993.3729036597
1564999.5222325956
1575412.5012716672
1576906.5885256354
1587495.5220019266
1598229.4411993595
1609109.3060786638
1601406.0295782536
1593808.7858211957
1586314.3111381787
1606299.8729638117
1589584.3867969504
1582199.9633893035
1592912.8265736802
1594619.7793385878
1605502.7310712081
1607224.567689847
1618251.54826249
1619994.4487561367
1612424.49095842
1604950.3055521846
1606701.4710946172
1608466.366141338
1601097.6068129574
1593808.6549005727
1595563.169188765
1597316.0479783243
1590084.4336971669
1600805.8523452291
1611639.7968228308
1613373.85165414
1615108.6053154997
1626088.1760824097
1609459.4097031415
1620376.010772837
1613001.9150298357
1614802.3094699068
1625828.1639400057
1627718.5061857745
1629647.4858772599
1631614.1460245019
1633617.4594449133
1645003.0294658772
1647088.5973603837
1639837.8702990925
1623529.8044521862
1625679.4591987927
1627861.5423612113
1639285.7391920905
1660306.6673713159
1672182.0317630272
1664980.6201791868
1676950.741998309
1679385.3951955978
1662740.8380760802
1665211.7966380008
1658291.4279785773
1660809.5559283863
1672809.2797794132
1675402.477400631
1678022.9388100794
1690243.3161418203
1692866.7370917622
1695477.2189490986
1717701.8210214635
1720306.2253730858
1722890.9156884227
1705737.9089335962
1708260.210238027
1710771.8057672854
1723123.4985784418
1725627.3542141763
1728087.328673099
1730466.1844507407
1742723.641249614
1754976.4427999323
1767238.3083373343
1758845.149752783
1760631.8593258248
1772640.567375242
1774294.2038219601
1786353.5810156541
1787945.835046213
1789511.8205632635
1791053.9339283814
1782091.4312294575
1773213.7082474532
1785057.771114583
1786516.5353084656
1777566.3697329736
1778991.0056883197
1780406.1768644673
1781814.8425761939
1804198.8135907422
1816302.162794235
1828547.4020961137
1829977.4714262092
1831400.614815219
1832812.9036870443
1867568.5685314282
1869012.7809483467
1870455.0278328755
1871894.309017448
1884753.381172162
1874767.7599451882
1876206.3253494757
1889074.2826339297
1879025.5125442378
1880407.5853665774
1893246.6660293094
1883121.0683138843
1895945.0859906082
1897272.2962708229
1908233.117570499
1894017.0365262234
1912951.6650585893
1895061.7261195523
1898914.392851226
1877912.796354266
1833350.135962845
1821387.5120664907
1808157.8493147877
1793739.999189661
1757043.6889377886
1751100.5346318444
1723355.4461039964
1705163.607126781
1666327.6588469308
1637184.873209536
1617111.8356983783
1559930.1142543745
1530412.9298109042
1483964.4151275442
1462721.3124414918
1425156.4381354921
1380523.409602827
1351484.1575890107
1315428.6497897853
1286726.7864571908
1251522.291691139
1192065.1910465136
1158973.4931252329
1137828.265224961
1099935.025667076
1063093.3810654334
1022340.0066668625
987766.2340795363
963167.1227812449
925782.6829613325
877826.246055765
840146.8757972282
807618.2626518608
776275.9509481236
752347.0989777866
725908.9357702829
691749.2517489789
659355.1345346922
623798.3037552909
594935.0698270913
575938.9264289304
553306.2004240255
527684.4599906433
501548.25601261086
480103.3596735033
453423.10191948176
436945.0214860935
415528.2443958769
400279.2973294987
379495.5376855184
354515.6440330878
338410.0579685979
318438.94735992193
302356.7489368009
285587.29355554
271300.8972466485
258447.47182740163
246223.75368715305
232264.47133920187
222444.18554344834
207976.14397168136
196450.03793312097
185639.8979801468
175106.41744822796
165955.3868796277
156331.76236038914
147638.57529851826
139477.88353364586
131814.3397913664
125331.24508910876
117641.00758991211
111307.20065732539
105540.39675759106
99410.16467390348
93223.46448296511
89394.27768245715
84754.17372648303
79254.46270854183
75357.69004341672
71800.74870808955
67735.94055603989
64433.830832004045
61692.81561229615
58852.72870462077
56266.54989769964
53764.00809025014
51421.40766134175
49363.04582143847
47433.96868488091
45687.63811433527
43654.99036218673
42143.49858356532
40681.31134015232
39517.395655813954
38291.462946007625
37244.16938936654
36183.37121233669
35241.17133174953
34449.409568216804
33837.687039363525
33196.427186888366
32682.89664841322
32213.329370925014
31822.855512577735
31358.8872924253
31006.72896758667
30652.528095422847
30295.27803119145
30073.724712865856
29877.9677521948
29636.687242147847
29417.871372630485
29389.08490500351
29241.911531275928
29179.1576000387
29165.41739561611
29132.153766827654
29078.509233755347
28970.170592465696
28906.646516947865
28986.122308639136
28974.02237695713
28969.71951022669
29072.896935239238
29149.528760525038
29300.190172687337
29354.996819557895
29414.480240090703
29580.525280961625
29681.1790653415
29783.68198261655
29886.938534246976
30060.142365361775
30162.254022412653
30298.02458797691
30395.911468032034
30383.478281099488
30367.54592610034
30418.902695764704
30501.882855996144
30580.79178209429
30619.518534891562
30725.914745188573
30755.75763060467
30744.91300120366
30729.60844518756
30709.91678226578
30685.941887443423
30693.704981581097
30733.349872529154
30697.034219809964
30692.84449524788
30649.037726334518
30637.628228969254
30658.904134670513
30641.516674984145
30621.731731721153
30635.764338117864
30648.03953271948
30658.752871488985
30596.059253203875
30568.031144824894
30538.78569787387
30436.980495866395
30370.151751156536
30338.09139723318
30376.422634096158
30343.13260041384
30274.046207923027
30169.716408305172
30101.018441817352
30067.758214756694
30034.889927980894
29967.58839652751
29901.10245367448
29870.268604784775
29840.286967211698
29741.976036150692
29679.472392532953
29618.101558561542
29592.119903598723
29567.131356801627
29508.924488163066
29485.891567426064
29463.807333979847
29408.64448528337
29388.52051130397
29403.38258531148
29385.22896540726
29300.229638983532
29250.24378727129
29234.88838097458
29186.574376940538
29138.91824011017
29091.75846334435
29078.33404598574
29098.47781248302
29018.402649679134
28971.844795919842
28958.49027082714
28978.277886155596
28998.02737757385
28917.933940373674
28904.338704990634
28890.792554324547
28844.28770110423
28798.08501769627
28752.26171822488
28739.70040624839
28727.55873981458
28683.115092333388
28671.988209282754
28661.411865996466
28684.14093298652
28674.669607292235
28665.733087249275
28657.29854864373
28616.61896025715
28609.063397656417
28601.86549681913
28594.97212142399
28588.33242321854
28581.90074391014
28510.547385344504
28504.443636567405
28498.463951825008
28492.597766531115
28486.841275962648
28481.195684975297
28475.66531676867
28437.8664936963
28432.589690542278
28427.444381100995
28422.43466808311
28417.564045238505
28412.83597012582
28408.25456545692
28403.825328729432
28399.555760989984
28395.455837940623
28391.538251114125
28387.818362712136
28384.31385092611
28348.792876193165
28345.781364156275
28343.044241330095
28340.599931318513
28338.46434796528
28336.649918965744
28335.164831689846
28334.01257005339
28333.191773213275
28332.69640474006
28332.51618540223
28364.870027187426
28397.58270331989
28398.255386160105
28399.174069573728
28400.317848806884
28401.665690776157
28403.196820810408
28404.890950103054
28406.728355511255
28408.689837866914
28410.756595542665
28412.910056153152
28447.53208885728
28449.805958206834
28452.1108110375
28454.42788667977
28456.738506074023
28426.61083715654
28428.85150896804
28431.032877984755
28433.139458896447
28435.157379222706
28437.074645951125
28438.881339668307
28440.569723192417
28442.134259918595
28443.571545123294
28444.880160661327
28446.060469259057
28447.114368521867
28448.045026553853
28448.85662062218
28449.554097694505
28450.14297127787
28450.62916338142
28451.01889436556
28451.318617719433
28451.534992101402
28451.674879738897
28451.745358706485
28451.753736639137
28451.707554874465
28451.614574527415
28451.482739203733
28451.320112559788
28451.134792336194
28515.89127765131
28515.683991354734
28515.477410664764
28515.278659703294
28515.094336069138
28514.93042887008
28514.792261687937
28514.684462729834
28514.61096186915
28514.575011949517
28514.579229857765
28514.625651630955
28514.715795320906
28514.850725482338
28515.03111389008
28515.257292288705
28515.529294463904
28515.84688651827
28516.209585763998
28516.61666995709
28517.06717957997
28517.55991645233
28518.09344209354
28518.66607898914
28519.27591729737
28519.920828665974
28520.598487833857
28521.306401690705
28522.041944575692
28522.80239790384
28523.584991777214
28524.386946090457
28525.205508770767
28526.03798915889
28526.881785083566
28527.73440283375
28528.59346991168
28529.45674108492
28530.322098782588
28531.187549254653
28532.051216106756
28532.9113328317
28533.7662357966
28534.614358844938
28535.45423027881
28536.284472550855
28504.56434755015
28505.37066866107
28506.163840877663
28506.94290488512
28507.70702009602
28508.455469072745
28509.187659833977
28509.90312555406
28510.601521441436
28511.282618864283
28511.946297050443
28480.118053928043
28480.746194342544
28481.357112704747
28481.95100896474
28482.528134856504
28483.08878439375
28483.633285965803
28484.161996109324
28517.154970185606
28517.653825615093
28518.138070127803
28551.163624604982
28551.62047568175
28552.064025308944
28552.494722269264
28520.355520993224
28520.761339764784
28521.15555396616
28521.53851054477
28521.910519133948
28522.271849776615
28522.622785271258
28522.96387649677
28523.296091219076
28523.62081108029
28523.939771951977
28524.25499055852
28557.130980074035
28557.445857255167
28557.763946212126
28558.087598840524
28558.41905310208
28558.760362262306
28559.11333220301
28559.479468558155
28559.859934885684
28560.255522527958
28560.666632277207
28561.093267480235
28561.535037812057
28561.99117263072
28562.460542598194
28562.9416881133
28530.863374306256
28563.932022259265
28564.43696153323
28564.94525852196
28565.454363675326
28565.96163014312
28566.464351946557
28566.959799904733
28567.445255017556
28567.918039199787
28568.375543420898
28568.81525342649
28569.234773287615
28569.631847051103
28570.004378752405
28570.350451021473
28570.668342480552
28603.609065883218
28603.866590578353
28604.092069527363
28604.284721081724
28604.444036071556
28604.56979302471
28604.662074546566
28604.7212857817
28604.748176381137
28604.743868276102
28604.709892748706
28604.648239446575
28604.5614016445
28604.45231514022
28604.32402772274
28604.179515003198
28604.02165202743
28571.200378719794
28603.676663069284
28603.49445492336
28603.308647379363
28603.121032229403
28602.933059837727
28602.745801360445
28602.55991433823
28569.724498240015
28569.541731150744
28569.359536740372
28569.176648332857
28568.991267642185
28568.801050256658
28568.603093442256
28568.393925964738
28535.594619954507
28535.350581362418
28535.0814589316
28534.78144341035
28534.444127937186
28566.635635111725
28566.20159557824
28565.707344299903
28565.144035196354
28564.502201084324
28563.771745327515
28595.585293243224
28594.643654607484
28593.579064220405
28592.37875358062
28591.02923657631
28622.227397467617
28620.534054281805
28651.428161464464
